0.31	1196.96
0.33	1202.42
0.35	1198.1
0.37	1157.76
0.39	1072.1
0.41	944.575
0.43	798.185
0.45	680.686
0.47	650.37
0.49	713.342
0.51	804.238
0.53	836.975
0.55	790.983
0.57	661.2
0.59	473.696
0.61	295.587
0.63	194.178
0.65	154.136
0.67	149.317
0.69	157.528
0.71	166.643
0.73	169.15
0.75	164.513
0.77	154.283
0.79	141.643
0.81	129.592
0.83	120.392
0.85	114.887
0.87	113.06
0.89	114.073
0.91	116.711
0.93	119.686
0.95	122.077
0.97	123.178
0.99	122.818
1.01	121.133
1.03	118.525
1.05	115.495
1.07	112.531
1.09	110.099
1.11	108.388
1.13	107.591
1.15	107.621
1.17	108.521
1.19	110.136
1.21	112.368
1.23	114.989
1.25	117.775
1.27	120.3
1.29	122.104
1.31	122.849
1.33	122.344
1.35	120.553
1.37	117.623
1.39	113.965
1.41	109.948
1.43	105.902
1.45	102.111
1.47	98.7723
1.49	95.9285
1.51	93.5503
1.53	91.4137
1.55	89.2652
1.57	86.9853
1.59	84.534
1.61	82.0422
1.63	79.7243
1.65	77.809
1.67	76.29
1.69	75.0381
1.71	73.8566
1.73	72.5423
1.75	70.9887
1.77	69.1865
1.79	67.22
1.81	65.1654
1.83	63.1163
1.85	61.1457
1.87	59.2937
1.89	57.6106
1.91	56.0649
1.93	54.6664
1.95	53.3673
1.97	52.1813
1.99	51.0153
2.01	49.8863
2.03	48.721
2.05	47.5558
2.07	46.3654
2.09	45.1854
2.11	44.0012
2.13	42.8745
2.15	41.7789
2.17	40.7645
2.19	39.8139
2.21	38.9453
2.23	38.1534
2.25	37.436
2.27	36.7419
2.29	36.0629
2.31	35.3755
2.33	34.6374
2.35	33.867
2.37	33.0469
2.39	32.2064
2.41	31.3369
2.43	30.4926
2.45	29.6732
2.47	28.9001
2.49	28.1848
2.51	27.5287
2.53	26.9223
2.55	26.3436
2.57	25.7933
2.59	25.2702
2.61	24.7693
2.63	24.2868
2.65	23.8349
2.67	23.4296
2.69	23.0419
2.71	22.6993
2.73	22.3821
2.75	22.0876
2.77	21.8052
2.79	21.535
2.81	21.2595
2.83	20.9901
2.85	20.7215
2.87	20.4596
2.89	20.2151
2.91	19.9874
2.93	19.7791
2.95	19.6014
2.97	19.4331
2.99	19.2739
3.01	19.1244
3.03	18.968
3.05	18.8083
3.07	18.6562
3.09	18.5116
3.11	18.3704
3.13	18.2548
3.15	18.15
3.17	18.0504
3.19	17.9465
3.21	17.8451
3.23	17.7386
3.25	17.6315
3.27	17.5283
3.29	17.4233
3.31	17.3268
3.33	17.2321
3.35	17.1385
3.37	17.0461
3.39	16.9659
3.41	16.8795
3.43	16.8018
3.45	16.7267
3.47	16.6558
3.49	16.5849
3.51	16.5211
3.53	16.4542
3.55	16.3921
3.57	16.3276
3.59	16.2696
3.61	16.2105
3.63	16.154
3.65	16.0888
3.67	16.0219
3.69	15.9425
3.71	15.856
3.73	15.7543
3.75	15.6498
3.77	15.5349
3.79	15.4186
3.81	15.292
3.83	15.1674
3.85	15.0355
3.87	14.9061
3.89	14.7707
3.91	14.6478
3.93	14.5192
3.95	14.3985
3.97	14.2741
3.99	14.1602
4.01	14.0427
4.03	13.938
4.05	13.8267
4.07	13.7182
4.09	13.6012
4.11	13.4811
4.13	13.3576
4.15	13.2392
4.17	13.1153
4.19	12.9946
4.21	12.8848
4.23	12.7715
4.25	12.6626
4.27	12.5586
4.29	12.4511
4.31	12.3386
4.33	12.2197
4.35	12.096
4.37	11.9654
4.39	11.8393
4.41	11.7043
4.43	11.5753
4.45	11.4344
4.47	11.3002
4.49	11.1604
4.51	11.0294
4.53	10.8988
4.55	10.7788
4.57	10.6635
4.59	10.5563
4.61	10.4507
4.63	10.354
4.65	10.2591
4.67	10.1749
4.69	10.0878
4.71	10.0012
4.73	9.90655
4.75	9.81214
4.77	9.70909
4.79	9.60777
4.81	9.50405
4.83	9.40474
4.85	9.3041
4.87	9.20874
4.89	9.11684
4.91	9.03264
4.93	8.94525
4.95	8.87006
4.97	8.79607
4.99	8.73232
5.01	8.67096
5.03	8.62126
5.05	8.57115
5.07	8.52405
5.09	8.47497
5.11	8.42791
5.13	8.38226
5.15	8.33737
5.17	8.28939
5.19	8.24374
5.21	8.19751
5.23	8.15104
5.25	8.10282
5.27	8.0567
5.29	8.00629
5.31	7.95697
5.33	7.90566
5.35	7.85726
5.37	7.81099
5.39	7.76814
5.41	7.72341
5.43	7.68032
5.45	7.63917
5.47	7.59936
5.49	7.56011
5.51	7.52407
5.53	7.49031
5.55	7.45693
5.57	7.42288
5.59	7.38982
5.61	7.35742
5.63	7.32985
5.65	7.3045
5.67	7.28887
5.69	7.2752
5.71	7.26389
5.73	7.2528
5.75	7.24067
5.77	7.22031
5.79	7.19372
5.81	7.16509
5.83	7.12552
5.85	7.0894
5.87	7.04906
5.89	7.01668
5.91	6.97853
5.93	6.94534
5.95	6.9076
5.97	6.87276
5.99	6.83228
6.01	6.79809
6.03	6.76415
6.05	6.73151
6.07	6.69999
6.09	6.66792
6.11	6.63346
6.13	6.59918
6.15	6.56015
6.17	6.51834
6.19	6.47537
6.21	6.43378
6.23	6.38659
6.25	6.34533
6.27	6.30292
6.29	6.26286
6.31	6.21737
6.33	6.17666
6.35	6.13572
6.37	6.09905
6.39	6.06212
6.41	6.03332
6.43	6.00282
6.45	5.97453
6.47	5.9394
6.49	5.9077
6.51	5.86888
6.53	5.83054
6.55	5.78255
6.57	5.73583
6.59	5.68178
6.61	5.62979
6.63	5.57808
6.65	5.52706
6.67	5.47861
6.69	5.43087
6.71	5.37889
6.73	5.3267
6.75	5.27831
6.77	5.23047
6.79	5.18755
6.81	5.1479
6.83	5.1078
6.85	5.06815
6.87	5.02559
6.89	4.98195
6.91	4.93807
6.93	4.89326
6.95	4.84533
6.97	4.79623
6.99	4.74697
7.01	4.69736
7.03	4.64602
7.05	4.59412
7.07	4.54231
7.09	4.48622
7.11	4.42948
7.13	4.37522
7.15	4.32239
7.17	4.2718
7.19	4.22247
7.21	4.17512
7.23	4.12791
7.25	4.08172
7.27	4.03869
7.29	4.00175
7.31	3.96891
7.33	3.93887
7.35	3.91252
7.37	3.88383
7.39	3.85465
7.41	3.82144
7.43	3.78849
7.45	3.75133
7.47	3.71486
7.49	3.674
7.51	3.63129
7.53	3.58136
7.55	3.53241
7.57	3.484
7.59	3.43532
7.61	3.39171
7.63	3.35213
7.65	3.31438
7.67	3.27713
7.69	3.24237
7.71	3.20836
7.73	3.18227
7.75	3.15662
7.77	3.13724
7.79	3.12003
7.81	3.10567
7.83	3.08835
7.85	3.07297
7.87	3.05694
7.89	3.04382
7.91	3.02999
7.93	3.01813
7.95	3.00699
7.97	2.99433
7.99	2.98078
