1.0000E-10	1.0593E-10	2.4902E-08		2.3496E+02	      	2.8669E-09		2.10E-08		2.12E+02	2.24E-08	2.5832E-09
1.1220E-10	1.1885E-10	3.1328E-08		2.6345E+02	      	3.6067E-09		2.64E-08		2.37E+02	2.82E-08	3.2499E-09
1.2589E-10	1.3335E-10	3.9415E-08		2.9541E+02	      	4.5378E-09		3.32E-08		2.66E+02	3.55E-08	4.0888E-09
1.4125E-10	1.4962E-10	4.9616E-08		3.3142E+02	      	5.7122E-09		4.18E-08		2.99E+02	4.47E-08	5.1470E-09
1.5849E-10	1.6788E-10	6.2389E-08		3.7142E+02	      	7.1827E-09		5.25E-08		3.35E+02	5.62E-08	6.4720E-09
1.7783E-10	1.8836E-10	7.8518E-08		4.1661E+02	      	9.0397E-09		6.61E-08		3.75E+02	7.07E-08	8.1452E-09
1.9953E-10	2.1135E-10	9.8823E-08		4.6732E+02	      	1.1377E-08		8.32E-08		4.21E+02	8.90E-08	1.0252E-08
2.2387E-10	2.3714E-10	1.2421E-07		5.2351E+02	      	1.4301E-08		1.05E-07		4.72E+02	1.12E-07	1.2885E-08
2.5119E-10	2.6607E-10	1.5625E-07		5.8690E+02	      	1.7988E-08		1.32E-07		5.29E+02	1.41E-07	1.6208E-08
2.8184E-10	2.9854E-10	1.9636E-07		6.5737E+02	      	2.2607E-08		1.65E-07		5.92E+02	1.77E-07	2.0370E-08
3.1623E-10	3.3497E-10	2.4696E-07		7.3686E+02	      	2.8432E-08		2.08E-07		6.64E+02	2.23E-07	2.5619E-08
3.5481E-10	3.7584E-10	3.1057E-07		8.2589E+02	      	3.5756E-08		2.62E-07		7.44E+02	2.80E-07	3.2218E-08
3.9811E-10	4.2170E-10	3.9030E-07		9.2505E+02	      	4.4935E-08		3.29E-07		8.34E+02	3.52E-07	4.0489E-08
4.4668E-10	4.7315E-10	4.9010E-07		1.0352E+03	      	5.6424E-08		4.13E-07		9.33E+02	4.42E-07	5.0841E-08
5.0119E-10	5.3088E-10	6.1611E-07		1.1599E+03	      	7.0932E-08		5.19E-07		1.05E+03	5.55E-07	6.3913E-08
5.6234E-10	5.9566E-10	7.7342E-07		1.2977E+03	      	8.9043E-08		6.51E-07		1.17E+03	6.97E-07	8.0232E-08
6.3096E-10	6.6834E-10	9.7126E-07		1.4524E+03	      	1.1182E-07		8.18E-07		1.31E+03	8.75E-07	1.0076E-07
7.0795E-10	7.4989E-10	1.2190E-06		1.6246E+03	      	1.4034E-07		1.03E-06		1.46E+03	1.10E-06	1.2645E-07
7.9433E-10	8.4140E-10	1.5305E-06		1.8180E+03	      	1.7620E-07		1.29E-06		1.64E+03	1.38E-06	1.5877E-07
8.9125E-10	9.4406E-10	1.9183E-06		2.0309E+03	      	2.2085E-07		1.62E-06		1.83E+03	1.73E-06	1.9900E-07
1.0000E-09	1.0593E-09	2.4062E-06		2.2704E+03	      	2.7703E-07		2.03E-06		2.05E+03	2.17E-06	2.4961E-07
1.1220E-09	1.1885E-09	3.0152E-06		2.5355E+03	      	3.4713E-07		2.54E-06		2.28E+03	2.72E-06	3.1278E-07
1.2589E-09	1.3335E-09	3.7764E-06		2.8303E+03	      	4.3478E-07		3.18E-06		2.55E+03	3.40E-06	3.9175E-07
1.4125E-09	1.4962E-09	4.7261E-06		3.1569E+03	      	5.4412E-07		3.98E-06		2.84E+03	4.26E-06	4.9027E-07
1.5849E-09	1.6788E-09	5.9106E-06		3.5188E+03	      	6.8048E-07		4.98E-06		3.17E+03	5.33E-06	6.1314E-07
1.7783E-09	1.8836E-09	7.3861E-06		3.9190E+03	      	8.5035E-07		6.22E-06		3.53E+03	6.66E-06	7.6621E-07
1.9953E-09	2.1135E-09	9.2307E-06		4.3651E+03	      	1.0627E-06		7.77E-06		3.93E+03	8.32E-06	9.5756E-07
2.2387E-09	2.3714E-09	1.1510E-05		4.8511E+03	      	1.3252E-06		9.69E-06		4.37E+03	1.04E-05	1.1940E-06
2.5119E-09	2.6607E-09	1.4333E-05		5.3838E+03	      	1.6501E-06		1.21E-05		4.85E+03	1.29E-05	1.4868E-06
2.8184E-09	2.9854E-09	1.7847E-05		5.9747E+03	      	2.0547E-06		1.50E-05		5.38E+03	1.61E-05	1.8514E-06
3.1623E-09	3.3497E-09	2.2185E-05		6.6193E+03	      	2.5541E-06		1.87E-05		5.96E+03	2.00E-05	2.3014E-06
3.5481E-09	3.7584E-09	2.7534E-05		7.3221E+03	      	3.1700E-06		2.32E-05		6.60E+03	2.48E-05	2.8563E-06
3.9811E-09	4.2170E-09	3.4079E-05		8.0770E+03	      	3.9235E-06		2.87E-05		7.28E+03	3.07E-05	3.5353E-06
4.4668E-09	4.7315E-09	4.2149E-05		8.9032E+03	      	4.8526E-06		3.55E-05		8.02E+03	3.80E-05	4.3724E-06
5.0119E-09	5.3088E-09	5.1995E-05		9.7887E+03	      	5.9862E-06		4.38E-05		8.82E+03	4.69E-05	5.3939E-06
5.6234E-09	5.9566E-09	6.3966E-05		1.0733E+04	      	7.3643E-06		5.39E-05		9.67E+03	5.76E-05	6.6356E-06
6.3096E-09	6.6834E-09	7.8505E-05		1.1740E+04	      	9.0383E-06		6.61E-05		1.06E+04	7.07E-05	8.1439E-06
7.0795E-09	7.4989E-09	9.6117E-05		1.2810E+04	      	1.1066E-05		8.09E-05		1.15E+04	8.66E-05	9.9709E-06
7.9433E-09	8.4140E-09	1.1715E-04		1.3916E+04	      	1.3488E-05		9.87E-05		1.25E+04	1.06E-04	1.2153E-05
8.9125E-09	9.4406E-09	1.4220E-04		1.5055E+04	      	1.6372E-05		1.20E-04		1.36E+04	1.28E-04	1.4752E-05
1.0000E-08	1.0593E-08	1.7181E-04		1.6211E+04	      	1.9780E-05		1.45E-04		1.46E+04	1.55E-04	1.7823E-05
1.1220E-08	1.1885E-08	2.0669E-04		1.7381E+04	      	2.3796E-05		1.74E-04		1.57E+04	1.86E-04	2.1442E-05
1.2589E-08	1.3335E-08	2.4712E-04		1.8521E+04	      	2.8450E-05		2.08E-04		1.67E+04	2.23E-04	2.5635E-05
1.4125E-08	1.4962E-08	2.9375E-04		1.9621E+04	      	3.3819E-05		2.47E-04		1.77E+04	2.65E-04	3.0472E-05
1.5849E-08	1.6788E-08	3.4679E-04		2.0645E+04	      	3.9926E-05		2.92E-04		1.86E+04	3.12E-04	3.5975E-05
1.7783E-08	1.8836E-08	4.0571E-04		2.1526E+04	      	4.6709E-05		3.42E-04		1.94E+04	3.66E-04	4.2087E-05
1.9953E-08	2.1135E-08	4.7092E-04		2.2269E+04	      	5.4217E-05		3.97E-04		2.01E+04	4.24E-04	4.8852E-05
2.2387E-08	2.3714E-08	5.4121E-04		2.2810E+04	      	6.2310E-05		4.56E-04		2.06E+04	4.88E-04	5.6144E-05
2.5119E-08	2.6607E-08	6.1460E-04		2.3086E+04	      	7.0758E-05		5.18E-04		2.08E+04	5.54E-04	6.3756E-05
2.8184E-08	2.9854E-08	6.8850E-04		2.3050E+04	      	7.9266E-05		5.80E-04		2.08E+04	6.20E-04	7.1423E-05
3.1623E-08	3.3497E-08	7.6193E-04		2.2734E+04	      	8.7721E-05		6.42E-04		2.05E+04	6.87E-04	7.9041E-05
3.5481E-08	3.7584E-08	8.2930E-04		2.2053E+04	      	9.5476E-05		6.98E-04		1.99E+04	7.47E-04	8.6029E-05
3.9811E-08	4.2170E-08	8.8870E-04		2.1063E+04	      	1.0232E-04		7.48E-04		1.90E+04	8.01E-04	9.2191E-05
4.4668E-08	4.7315E-08	9.3199E-04		1.9687E+04	      	1.0730E-04		7.85E-04		1.77E+04	8.40E-04	9.6682E-05
5.0119E-08	5.3088E-08	9.5770E-04		1.8030E+04	      	1.1026E-04		8.07E-04		1.62E+04	8.63E-04	9.9349E-05
5.6234E-08	5.9566E-08	9.6022E-04		1.6111E+04	      	1.1055E-04		8.09E-04		1.45E+04	8.65E-04	9.9611E-05
6.3096E-08	6.6834E-08	9.3972E-04		1.4053E+04	      	1.0819E-04		7.91E-04		1.27E+04	8.47E-04	9.7484E-05
7.0795E-08	7.4989E-08	8.9495E-04		1.1928E+04	      	1.0304E-04		7.54E-04		1.07E+04	8.06E-04	9.2840E-05
7.9433E-08	8.4140E-08	8.2963E-04		9.8547E+03	      	9.5515E-05		6.99E-04		8.88E+03	7.48E-04	8.6063E-05
8.9125E-08	9.4406E-08	7.4945E-04		7.9342E+03	      	8.6284E-05		6.31E-04		7.15E+03	6.75E-04	7.7746E-05
1.0000E-07	1.0593E-07	6.5974E-04		6.2249E+03	      	7.5955E-05		5.56E-04		5.61E+03	5.94E-04	6.8439E-05
1.1220E-07	1.1885E-07	5.6757E-04		4.7729E+03	      	6.5344E-05		4.78E-04		4.30E+03	5.11E-04	5.8878E-05
1.2589E-07	1.3335E-07	4.8000E-04		3.5975E+03	      	5.5262E-05		4.04E-04		3.24E+03	4.33E-04	4.9793E-05
1.4125E-07	1.4962E-07	4.0143E-04		2.6815E+03	      	4.6216E-05		3.38E-04		2.42E+03	3.62E-04	4.1643E-05
1.5849E-07	1.6788E-07	3.3633E-04		2.0023E+03	      	3.8722E-05		2.83E-04		1.80E+03	3.03E-04	3.4890E-05
1.7783E-07	1.8836E-07	2.8756E-04		1.5258E+03	      	3.3107E-05		2.42E-04		1.37E+03	2.59E-04	2.9831E-05
1.9953E-07	2.1135E-07	2.5386E-04		1.2005E+03	      	2.9227E-05		2.14E-04		1.08E+03	2.29E-04	2.6335E-05
2.2387E-07	2.3714E-07	2.3326E-04		9.8311E+02	      	2.6855E-05		1.96E-04		8.86E+02	2.10E-04	2.4198E-05
2.5119E-07	2.6607E-07	2.2265E-04		8.3634E+02	      	2.5633E-05		1.88E-04		7.54E+02	2.01E-04	2.3097E-05
2.8184E-07	2.9854E-07	2.1760E-04		7.2849E+02	      	2.5052E-05		1.83E-04		6.56E+02	1.96E-04	2.2573E-05
3.1623E-07	3.3497E-07	2.1582E-04		6.4395E+02	      	2.4847E-05		1.82E-04		5.80E+02	1.94E-04	2.2388E-05
3.5481E-07	3.7584E-07	2.1505E-04		5.7187E+02	      	2.4758E-05		1.81E-04		5.15E+02	1.94E-04	2.2308E-05
3.9811E-07	4.0598E-07	2.1086E-04		5.1935E+02	      	8.2540E-06		1.78E-04		4.68E+02	1.90E-04	7.4373E-06
4.1400E-07	5.3160E-07	2.0997E-04		3.9090E+02	      	1.0499E-04		1.77E-04		3.52E+02	1.89E-04	9.4605E-05
6.8260E-07	8.7640E-07	2.2007E-04		2.4853E+02	      	1.0995E-04		1.85E-04		2.24E+02	1.98E-04	9.9071E-05
1.1250E-06	1.3570E-06	2.2437E-04		1.6437E+02	      	8.4159E-05		1.89E-04		1.48E+02	2.02E-04	7.5831E-05
1.6370E-06	1.9750E-06	2.3160E-04		1.1660E+02	      	8.6866E-05		1.95E-04		1.05E+02	2.09E-04	7.8270E-05
2.3820E-06	2.8740E-06	2.3816E-04		8.2402E+01	      	8.9324E-05		2.01E-04		7.42E+01	2.15E-04	8.0485E-05
3.4660E-06	4.1810E-06	2.4660E-04		5.8641E+01	      	9.2476E-05		2.08E-04		5.28E+01	2.22E-04	8.3326E-05
5.0430E-06	6.0830E-06	2.5168E-04		4.1131E+01	      	9.4397E-05		2.12E-04		3.71E+01	2.27E-04	8.5056E-05
7.3380E-06	8.8510E-06	2.5513E-04		2.8651E+01	      	9.5752E-05		2.15E-04		2.58E+01	2.30E-04	8.6277E-05
1.0680E-05	1.2880E-05	2.5055E-04		1.9341E+01	      	9.3805E-05		2.11E-04		1.74E+01	2.26E-04	8.4523E-05
1.5530E-05	1.8740E-05	2.4956E-04		1.3243E+01	      	9.3628E-05		2.10E-04		1.19E+01	2.25E-04	8.4364E-05
2.2600E-05	2.9020E-05	2.5165E-04		8.5813E+00	      	1.2589E-04		2.12E-04		7.73E+00	2.27E-04	1.1343E-04
3.7270E-05	4.7850E-05	2.5253E-04		5.2226E+00	      	1.2623E-04		2.13E-04		4.71E+00	2.28E-04	1.1374E-04
6.1440E-05	7.8890E-05	2.6130E-04		3.2779E+00	      	1.3066E-04		2.20E-04		2.95E+00	2.35E-04	1.1773E-04
1.0130E-04	1.3010E-04	2.5645E-04		1.9513E+00	      	1.2820E-04		2.16E-04		1.76E+00	2.31E-04	1.1552E-04
1.6700E-04	2.1450E-04	2.6165E-04		1.2074E+00	      	1.3089E-04		2.20E-04		1.09E+00	2.36E-04	1.1793E-04
2.7540E-04	3.5360E-04	2.6837E-04		7.5112E-01	      	1.3415E-04		2.26E-04		6.77E-01	2.42E-04	1.2088E-04
4.5400E-04	5.5920E-04	2.7003E-04		4.7943E-01	      	1.1252E-04		2.27E-04		4.32E-01	2.43E-04	1.0139E-04
6.8870E-04	8.4820E-04	2.7734E-04		3.2456E-01	      	1.1564E-04		2.34E-04		2.92E-01	2.50E-04	1.0420E-04
1.0450E-03	1.2870E-03	2.7871E-04		2.1501E-01	      	1.1610E-04		2.35E-04		1.94E-01	2.51E-04	1.0461E-04
1.5850E-03	1.9110E-03	2.9204E-04		1.5190E-01	      	1.0937E-04		2.46E-04		1.37E-01	2.63E-04	9.8546E-05
2.3050E-03	2.7810E-03	2.8091E-04		1.0043E-01	      	1.0545E-04		2.37E-04		9.05E-02	2.53E-04	9.5013E-05
3.3550E-03	4.0460E-03	2.9116E-04		7.1531E-02	      	1.0916E-04		2.45E-04		6.45E-02	2.62E-04	9.8355E-05
4.8810E-03	5.8880E-03	2.9741E-04		5.0220E-02	      	1.1154E-04		2.50E-04		4.53E-02	2.68E-04	1.0050E-04
7.1020E-03	8.5660E-03	3.0474E-04		3.5371E-02	      	1.1418E-04		2.57E-04		3.19E-02	2.75E-04	1.0288E-04
1.0330E-02	1.2460E-02	3.2152E-04		2.5653E-02	      	1.2057E-04		2.71E-04		2.31E-02	2.90E-04	1.0864E-04
1.5030E-02	1.8130E-02	3.3431E-04		1.8341E-02	      	1.2508E-04		2.82E-04		1.65E-02	3.01E-04	1.1271E-04
2.1850E-02	2.6370E-02	3.5027E-04		1.3204E-02	      	1.3177E-04		2.95E-04		1.19E-02	3.16E-04	1.1874E-04
3.1830E-02	4.0870E-02	3.8008E-04		9.2034E-03	      	1.9005E-04		3.20E-04		8.29E-03	3.42E-04	1.7124E-04
5.2480E-02	6.7380E-02	4.1720E-04		6.1274E-03	      	2.0858E-04		3.51E-04		5.52E-03	3.76E-04	1.8794E-04
8.6520E-02	1.0310E-01	4.9264E-04		4.7550E-03	      	1.7251E-04		4.15E-04		4.28E-03	4.44E-04	1.5544E-04
1.2280E-01	1.3570E-01	5.7142E-04		4.2033E-03	      	1.1433E-04		4.81E-04		3.79E-03	5.15E-04	1.0302E-04
1.5000E-01	1.6570E-01	6.1840E-04		3.7243E-03	      	1.2365E-04		5.21E-04		3.36E-03	5.57E-04	1.1141E-04
1.8320E-01	2.0240E-01	6.0992E-04		3.0078E-03	      	1.2182E-04		5.14E-04		2.71E-03	5.50E-04	1.0976E-04
2.2370E-01	2.4720E-01	6.6965E-04		2.7043E-03	      	1.3386E-04		5.64E-04		2.44E-03	6.03E-04	1.2062E-04
2.7320E-01	3.0200E-01	7.1597E-04		2.3673E-03	      	1.4322E-04		6.03E-04		2.13E-03	6.45E-04	1.2905E-04
3.3370E-01	3.6880E-01	6.5840E-04		1.7823E-03	      	1.3171E-04		5.54E-04		1.61E-03	5.93E-04	1.1868E-04
4.0760E-01	4.5050E-01	5.6566E-04		1.2536E-03	      	1.1320E-04		4.76E-04		1.13E-03	5.10E-04	1.0200E-04
4.9790E-01	5.5020E-01	1.0496E-03		1.9043E-03	      	2.0985E-04		8.84E-04		1.72E-03	9.46E-04	1.8909E-04
6.0810E-01	6.7210E-01	1.1325E-03		1.6823E-03	      	2.2644E-04		9.54E-04		1.52E-03	1.02E-03	2.0403E-04
7.4270E-01	7.8080E-01	1.2565E-03		1.6085E-03	      	1.2579E-04		1.06E-03		1.45E-03	1.13E-03	1.1334E-04
8.2090E-01	8.6290E-01	1.1168E-03		1.2936E-03	      	1.1164E-04		9.40E-04		1.17E-03	1.01E-03	1.0059E-04
9.0720E-01	9.5370E-01	8.8961E-04		9.3222E-04	      	8.9306E-05		7.49E-04		8.40E-04	8.02E-04	8.0469E-05
1.0030E+00	1.0540E+00	7.9908E-04		7.5769E-04	      	7.9557E-05		6.73E-04		6.83E-04	7.20E-04	7.1685E-05
1.1080E+00	1.1650E+00	1.0591E-03		9.0871E-04	      	1.0632E-04		8.92E-04		8.19E-04	9.54E-04	9.5799E-05
1.2250E+00	1.2870E+00	1.0877E-03		8.4453E-04	      	1.0810E-04		9.16E-04		7.61E-04	9.80E-04	9.7403E-05
1.3530E+00	1.4230E+00	1.1091E-03		7.7923E-04	      	1.1143E-04		9.34E-04		7.02E-04	9.99E-04	1.0040E-04
1.4960E+00	1.5720E+00	1.0484E-03		6.6640E-04	      	1.0462E-04		8.83E-04		6.00E-04	9.45E-04	9.4272E-05
1.6530E+00	1.7380E+00	1.1036E-03		6.3479E-04	      	1.1045E-04		9.29E-04		5.72E-04	9.94E-04	9.9523E-05
1.8270E+00	1.9200E+00	1.0787E-03		5.6139E-04	      	1.0779E-04		9.08E-04		5.06E-04	9.72E-04	9.7122E-05
2.0190E+00	2.1220E+00	1.1836E-03		5.5744E-04	      	1.1818E-04		9.97E-04		5.02E-04	1.07E-03	1.0648E-04
2.2310E+00	2.3460E+00	1.4176E-03		6.0412E-04	      	1.4197E-04		1.19E-03		5.44E-04	1.28E-03	1.2792E-04
2.4660E+00	2.5920E+00	1.2373E-03		4.7712E-04	      	1.2357E-04		1.04E-03		4.30E-04	1.11E-03	1.1135E-04
2.7250E+00	2.8650E+00	1.0616E-03		3.7040E-04	      	1.0631E-04		8.94E-04		3.34E-04	9.57E-04	9.5786E-05
3.0120E+00	3.1660E+00	9.3229E-04		2.9430E-04	      	9.3292E-05		7.85E-04		2.65E-04	8.40E-04	8.4060E-05
3.3290E+00	3.4990E+00	7.2172E-04		2.0614E-04	      	7.2149E-05		6.08E-04		1.86E-04	6.50E-04	6.5010E-05
3.6790E+00	3.8670E+00	7.0321E-04		1.8174E-04	      	7.0335E-05		5.92E-04		1.64E-04	6.34E-04	6.3375E-05
4.0660E+00	4.2740E+00	8.2221E-04		1.9229E-04	      	8.2107E-05		6.92E-04		1.73E-04	7.41E-04	7.3982E-05
4.4930E+00	4.7240E+00	9.8362E-04		2.0815E-04	      	9.8455E-05		8.28E-04		1.88E-04	8.86E-04	8.8712E-05
4.9660E+00	5.2200E+00	8.8539E-04		1.6953E-04	      	8.8494E-05		7.46E-04		1.53E-04	7.98E-04	7.9738E-05
5.4880E+00	5.7690E+00	7.9914E-04		1.3846E-04	      	7.9891E-05		6.73E-04		1.25E-04	7.20E-04	7.1986E-05
6.0650E+00	6.3760E+00	8.1775E-04		1.2820E-04	      	8.1792E-05		6.89E-04		1.16E-04	7.37E-04	7.3698E-05
6.7030E+00	7.0470E+00	6.9645E-04		9.8792E-05	      	6.9648E-05		5.87E-04		8.90E-05	6.28E-04	6.2757E-05
7.4080E+00	7.7880E+00	6.1927E-04		7.9485E-05	      	6.1919E-05		5.22E-04		7.16E-05	5.58E-04	5.5792E-05
8.1870E+00	8.6070E+00	6.4275E-04		7.4648E-05	      	6.4272E-05		5.41E-04		6.73E-05	5.79E-04	5.7912E-05
9.0480E+00	9.5120E+00	5.8413E-04		6.1384E-05	      	5.8437E-05		4.92E-04		5.53E-05	5.26E-04	5.2655E-05
1.0000E+01	1.0510E+01	5.3434E-04		5.0811E-05	      	5.3352E-05		4.50E-04		4.58E-05	4.81E-04	4.8072E-05
1.1050E+01	1.1620E+01	5.2788E-04		4.5427E-05	      	5.2695E-05		4.45E-04		4.09E-05	4.76E-04	4.7481E-05
1.2210E+01	1.2840E+01	5.4100E-04		4.2121E-05	      	5.4335E-05		4.56E-04		3.80E-05	4.87E-04	4.8959E-05
1.3500E+01	1.4190E+01	5.4171E-04		3.8153E-05	      	5.4178E-05		4.56E-04		3.44E-05	4.88E-04	4.8817E-05
1.4920E+01	1.6160E+01	5.4290E-04		3.3563E-05	      	8.6591E-05		4.57E-04		3.02E-05	4.89E-04	7.8023E-05
1.7500E+01	1.8520E+01	6.6274E-04		3.5766E-05	      	7.5108E-05		5.58E-04		3.22E-05	5.97E-04	6.7676E-05
1.9600E+01	2.5700E+01	7.4882E-04		2.8783E-05	      	4.0584E-04		6.31E-04		2.59E-05	6.75E-04	3.6568E-04
3.3700E+01	4.4190E+01	1.0384E-03		2.3213E-05	      	5.6291E-04		8.74E-04		2.09E-05	9.36E-04	5.0721E-04
5.7950E+01	7.5980E+01	1.3056E-03		1.6973E-05	      	7.0761E-04		1.10E-03		1.53E-05	1.18E-03	6.3759E-04
9.9640E+01	1.3070E+02	1.4148E-03		1.0698E-05	      	7.6659E-04		1.19E-03		9.64E-06	1.27E-03	6.9074E-04
1.7130E+02	2.2460E+02	1.0864E-03		4.7773E-06	      	5.8904E-04		9.15E-04		4.30E-06	9.79E-04	5.3076E-04
2.9460E+02	3.8630E+02	5.7866E-04		1.4798E-06	      	3.1358E-04		4.87E-04		1.33E-06	5.21E-04	2.8255E-04
5.0650E+02	6.6420E+02	2.9762E-04		4.4267E-07	      	1.6131E-04		2.51E-04		3.99E-07	2.68E-04	1.4535E-04
8.7090E+02	1.1420E+03	1.3119E-04		1.1350E-07	      	7.1064E-05		1.10E-04		1.02E-07	1.18E-04	6.4032E-05
1.4970E+03	1.9640E+03	4.9484E-05		2.4898E-08	      	2.6840E-05		4.17E-05		2.24E-08	4.46E-05	2.4184E-05
2.5750E+03	3.3760E+03	1.2747E-05		3.7297E-09	      	6.9075E-06		1.07E-05		3.36E-09	1.15E-05	6.2240E-06
4.4270E+03	5.8050E+03	3.0710E-06		5.2260E-10	      	1.6645E-06		2.59E-06		4.71E-10	2.77E-06	1.4998E-06
7.6120E+03	9.9820E+03	1.1073E-06		1.0958E-10	      	6.0029E-07		9.32E-07		9.87E-11	9.98E-07	5.4089E-07
1.3090E+04	1.7160E+04	7.3906E-07		4.2532E-11	      	4.0065E-07		6.22E-07		3.83E-11	6.66E-07	3.6101E-07
2.2510E+04	2.9510E+04	2.8508E-07		9.5416E-12	      	1.5448E-07		2.40E-07		8.60E-12	2.57E-07	1.3919E-07
3.8700E+04	5.0740E+04	1.2365E-07		2.4071E-12	      	6.7013E-08		1.04E-07		2.17E-12	1.11E-07	6.0382E-08
6.6540E+04	8.7250E+04	6.8341E-08		7.7380E-13	      	3.7034E-08		5.76E-08		6.97E-13	6.16E-08	3.3369E-08
1.1440E+05	1.5000E+05	3.1735E-08		2.0899E-13	      	1.7200E-08		2.67E-08		1.88E-13	2.86E-08	1.5498E-08
1.9670E+05	2.5790E+05	9.9640E-09		3.8163E-14	      	5.4001E-09		8.39E-09		3.44E-14	8.98E-09	4.8657E-09
3.3820E+05	4.4350E+05	3.3916E-09		7.5543E-15	      	1.8387E-09		2.86E-09		6.81E-15	3.06E-09	1.6568E-09
5.8160E+05	7.6260E+05	0.0000E+00		0.0000E+00	      	0.0000E+00		0.00E+00		0.00E+00	0.00E+00	0.0000E+00
1.0000E+06	0		0			0	0	0			0			0		0		0
